	weight	wr
1	100	79.3
2	103.5	125.4
3	102.6	95.8
4	100.9	57.1
5	101.3	69.7
6	99.6	47.5
7	90.9	33.8
8	86.5	7.5
9	80	5.9
10	82.6	11.8
11	90.4	18.6
12	96.1	35
13	102.6	58.6
14	100.4	97.2
15	100	87.4
16	101	92.5
17	100.5	85.4
18	100	94
19	101.5	90.5
20	101	23.5
21	99.5	55.6
22	99.5	79.4
23	104.6	91
24	103.6	80.8
25	102.6	80.8
26	105.6	88.6
27	106.7	95.1
28	107.7	116.3
29	100	106.6
30	98.6	102.2
31	99.5	88.8
32	98.6	110
33	101.4	119.3
34	100.9	81.7
35	98.1	102.6
36	98.1	117.7
37	98.1	101.9
38	98.1	100.9
39	98.1	99.7
40	98.6	104
41	97.7	111.5
42	101.4	119.2
43	100	81.2
44	101	93.2
45	102.4	83.8
46	101.9	96.4
47	101.9	91.1
48	100	45.8
49	94.2	51.8
50	90.4	35.5
51	88	40.2
52	97.6	55.4
53	104.8	67.3
54	106.3	90
55	104.8	77.3
56	105.3	87.8
57	100	72.3
58	98.5	95.3
59	97.1	98.4
60	98.5	96.9
61	96.6	96.3
62	97.6	67
63	100	89.1
64	99	88.7
65	99.5	94.6
66	98.1	85
67	100	88.4
68	97.6	85.7
69	96.6	91.2
70	100.5	82.2
71	100	76.7
72	98.2	77.7
73	99.1	87.8
74	99.1	76.8
75	97.2	68.2
76	100	50.8
77	100.5	64.8
78	102.3	69.7
79	100.9	91.7
80	99.1	79.9
81	99.1	81.6
82	99.5	84.6
83	101.4	74.7
84	103.2	101.1
85	100	103
86	95.8	104.4
87	94.9	122.3
88	95.3	104.1
89	94.4	100.1
90	95.8	66.8
91	93	104.7
92	94.4	75.7
93	95.3	143.8
94	94.4	106.9
95	96.7	103.2
96	95.8	115.5
97	96.3	117.2
98	97.7	107.5
99	100	134.2
100	99.1	106.9
101	99.5	96.5
102	99.1	102
103	99.1	87.1
104	99.5	45.1
105	92.6	36.8
106	87.1	29.3
107	86.2	23.5
108	90.8	52.4
109	95.4	76.7
110	99.1	80.3
111	100.5	104.4
112	101.4	74.7
113	100	74.7
114	97.7	88.5
115	95.3	108.5
116	95.3	109.6
117	93.9	140.5
118	95.3	77.1
119	95.3	93.8
120	96.7	90.6
121	98.1	110
122	98.6	119.9
123	96.3	120.6
124	94.4	126.6
125	95.3	121.2
126	95.3	123.4
127	100	49.9
128	96.8	65.9
129	95.4	76.5
130	97.3	100.4
131	94.5	66.1
132	94.5	36
133	93.2	44.5
134	94.5	41.2
135	97.3	35.4
136	97.3	36.7
137	98.2	41
138	97.3	44.3
139	98.6	49.8
140	99.1	102.1
141	100	97.8
142	98.6	98.5
143	99.5	88.2
144	99	92.8
145	99	119.3
146	101.9	61.8
147	99.5	62.6
148	92.8	62.7
149	97.6	80
150	102.9	118.7
151	102.4	77.3
152	101.4	89
153	103.3	93.3
154	103.3	102.9
155	100	92.9
156	99.1	78.7
157	98.2	120
158	97.3	96
159	96.8	87.9
160	99.5	47.3
161	98.2	60.3
162	100.5	86.1
163	99.1	81.4
164	98.2	99.8
165	96.8	87.3
166	96.8	99.7
167	98.6	96.2
168	98.2	83.7
169	100	91.6
170	97.7	89.6
171	96.3	90.6
172	97.2	93.7
173	96.7	100.8
174	97.7	53
175	91.6	54.1
176	87.4	37.2
177	87	41.6
178	87.9	63.6
179	87.4	65.8
180	93.5	67.5
181	101.9	72.8
182	100.9	106.3
183	100	97.2
184	98.6	115.7
185	99.1	94.7
186	98.2	87.5
187	99.1	102.5
188	96.4	38.1
189	92.7	36.2
190	91.4	40.2
191	94.1	48.6
192	95.9	58.9
193	98.2	61.7
194	99.5	103.3
195	101.4	69.5
196	101.4	79.7
197	100	64.1
198	101	99.4
199	106.2	97.8
200	105.1	102.5
201	106.2	65.3
202	99	28
203	93.3	23.9
204	90.3	11.7
205	91.3	11.1
206	92.8	27.2
207	103.1	38.6
208	103.1	46.1
209	103.1	79.5
210	104.1	57.2
211	100	103.5
212	97.1	87.1
213	98.1	90.2
214	98.1	83.5
215	97.1	100.7
216	96.6	79.7
217	88.4	83.1
218	90.8	77.1
219	91.8	71.7
220	95.2	81.6
221	95.7	77.6
222	95.7	94
223	94.2	94.3
224	99.5	96.1
225	100	94.1
226	99.5	98.8
227	103.3	92.9
228	106.1	137.1
229	102.8	63.1
230	97.6	31.2
231	91.5	19.6
232	89.6	8.7
233	90.6	14
234	96.2	27.2
235	106.6	51.1
236	107.1	57.3
237	107.5	70.4
238	108.5	110.7
239	100	156.4
240	102.7	145.7
241	100.9	122.9
242	99.5	110.4
243	100	134.9
244	100.9	84
245	94.5	105.9
246	93.2	106.8
247	101.4	89.7
248	99.1	106.4
249	100.5	106.8
250	101.8	135.7
251	100	106.3
252	100.9	118.5
253	100	87.5
254	99.5	79.5
255	99.5	93.5
256	100.9	103.2
257	103.2	112
258	97.7	75.6
259	86.9	48.7
260	80.2	13.5
261	100	109.1
262	99	95.6
263	98.1	90.1
264	99	105.6
265	101	87.5
266	99	42.8
267	92.2	31.7
268	86.4	34.2
269	83	30.1
270	85	20.8
271	91.7	30.9
272	97.6	42.9
273	104.4	50.9
274	103.4	59.8
275	100	97
276	103.6	77.8
277	102	68.7
278	102.5	65.5
279	101	48.1
280	98	25.5
281	89.3	31.9
282	88.8	20.3
283	86.8	28.2
284	86.8	47.1
285	97.5	62.3
286	97	51.8
287	98	65.7
288	97	71.9
289	100	87
290	97.7	86.9
291	101.9	92.9
292	100	90.6
293	98.6	100.5
294	99.1	86.1
295	95.8	81.1
296	95.8	84.1
297	99.5	89.6
298	100	99.9
299	100	83.2
300	99.1	86.9
301	99.5	93.1
302	100	99.9
303	100	89.4
304	98.1	92.4
305	97.7	102.2
306	100.9	104.5
307	100	95.2
308	101.4	80.7
309	97.2	74.5
310	95.3	78.1
311	98.1	88.5
312	100.9	96.8
313	100.9	83.6
314	100	89.5
315	100	91.2
316	102.8	90.7
317	100	94.7
318	99.1	113
319	88.8	108.4
320	98.6	84.1
321	97.7	60.8
322	95.8	36.5
323	88.4	22.4
324	85.1	22.5
325	84.2	19
326	87.4	27.4
327	98.6	36.6
328	101.4	48
329	100.5	81.3
330	99.1	68
331	100	84.2
332	97.9	88.2
333	99.5	94.5
334	99	93.1
335	99.5	86.1
336	98.4	64.5
337	94.3	54.2
338	89.6	53.7
339	94.3	62
340	99	64.9
341	101.6	70.8
342	102.6	85.5
343	100.5	64.7
344	101	59.4
345	100	97.5
346	100	107.7
347	101.4	109.2
348	101.4	94.9
349	100	103
350	102.3	102.2
351	103.7	111.6
352	102.8	110.3
353	100.9	71.8
354	87	89.1
355	105.6	106.4
356	105.1	118.8
357	104.7	120.1
358	100.9	98.4
359	100	96.8
360	98.7	100.1
361	99.1	92.9
362	101.8	107
363	101.8	106.8
364	102.2	105.9
365	98.7	106.3
366	99.6	99.2
367	100	104.6
368	99.1	108.2
369	100	104.7
370	99.1	112.4
371	98.2	104
372	99.1	100.7
373	100	92.2
374	99.1	111
375	99.1	119.3
376	100.9	106.2
377	97.8	102.1
378	100.4	74.5
379	97.3	98.2
380	98.7	104.6
381	100.4	94.6
382	102.2	89.8
383	100.4	92.3
384	100.9	104.3
385	99.6	91
386	100	93.3
387	100	103.8
388	97.3	117.1
389	100.5	96.5
390	98.6	97.1
391	97.7	100.8
392	98.2	83.3
393	99.5	105.3
394	100	92
395	99.5	82.8
396	100	91.8
397	99.1	100.9
398	98.6	128.3
399	100	78
400	99.5	85.4
401	100	79.3
402	95.4	85.7
403	102.3	90.4
404	100.9	87.8
405	98.2	92.6
406	102.3	90.8
407	99.5	89.4
408	99.1	87.5
409	99.1	84.7
410	100	94.4
411	99.5	91.1
412	98.2	94.2
413	100	90.3
414	98.6	87.4
415	100	100.8
416	100	88.4
417	101.4	123.4
418	102.7	95.1
419	101.8	84.8
420	102.7	65.9
421	101.8	94.5
422	102.7	120.2
423	103.2	79.3
424	105	96.5
425	105	82.6
426	105.9	131.4
427	104.1	80.9
428	104.5	84.7
429	100	110
430	98.6	114.3
431	100.9	119.4
432	100.9	109.3
433	98.1	80.9
434	97.7	39.3
435	90.1	42.5
436	85.9	24.4
437	82.2	19.8
438	84.5	38.9
439	99.5	60.6
440	100.9	79.8
441	106.6	92.7
442	100.9	112.1
443	100	93.5
444	100.9	97.1
445	102.4	98.2
446	100.5	99.1
447	101.9	98.5
448	103.3	90.5
449	101.4	102
450	100.5	97.6
451	101.9	99.7
452	103.3	84.4
453	103.8	89
454	105.2	98
455	104.7	107.2
456	104.2	94.9
457	100	98.5
458	99.6	94.5
459	101.3	79
460	101.3	81
461	100.4	96.1
462	101.8	55.6
463	98.7	90.4
464	101.3	90.1
465	100.9	84.8
466	102.2	96.4
467	100.4	101.7
468	99.1	88.1
469	100	85.3
470	99.6	89.7
471	100	84.9
472	99.5	111.5
473	102.8	120.9
474	100	98.2
475	100.9	95.4
476	100.9	88.4
477	99.5	115.7
478	102.8	116
479	102.3	85.1
480	102.8	89.2
481	102.8	104.1
482	102.8	126.3
483	102.3	88.5
484	104.2	88
485	100	53.9
486	102.2	88.2
487	102.2	88.5
488	103	105.7
489	101.3	75.2
490	101.3	59.3
491	103.9	69.1
492	101.7	56.7
493	104.3	56.2
494	103.5	62.5
495	102.6	50.4
496	103.5	60.9
497	104.8	105.2
498	106.1	125.7
499	100	72.6
500	98.6	95.8
501	100.5	91.9
502	102.7	93
503	99.5	90.8
504	100.9	91.5
505	97.7	96.9
506	98.6	103.5
507	94.1	110.7
508	92.7	94.8
509	92.7	84.8
510	99.5	88.8
511	95.9	86.5
512	98.2	86.6
513	100	99.8
514	102	107.6
515	99.5	107.1
516	101	97.2
517	101	85.8
518	100	74.9
519	99	78.1
520	97.4	98.7
521	105.1	114.3
522	99	79.2
523	102	82.3
524	101.5	96.3
525	102	105.9
526	101	126.1
527	100	63.8
528	99.1	70.1
529	99.5	79.4
530	100.9	89.3
531	98.1	51.5
532	100.5	53
533	100	74.1
534	100.9	109.7
535	103.3	106.5
536	98.6	84.8
537	97.7	85.7
538	101.9	96.7
539	103.7	112.9
540	103.3	117
541	100	73.6
542	101.5	94.9
543	100.5	98.7
544	104.4	96.4
545	98.5	48.3
546	98.5	33.2
547	94.6	40.9
548	90.2	39
549	92.6	55.5
550	99.5	66.5
551	101	94.4
552	105.9	121.8
553	102.5	82.2
554	104.4	83.6
555	100	67.5
556	96.2	93.2
557	98.1	78.7
558	97.2	67.9
559	97.2	64.8
560	99.5	54.2
561	91.5	34.1
562	87.3	19.8
563	84.4	24.8
564	89.6	39.3
565	95.3	49.5
566	100	64.8
567	101.9	71.6
568	100	93.8
569	100	60
570	99	83.4
571	101	74.4
572	101	93.3
573	103.4	66.4
574	98.1	21.3
575	85.1	19.9
576	86.1	11.9
577	84.6	13
578	88.9	29.2
579	94.2	32.6
580	100.5	42.9
581	101.4	58.6
582	104.8	66.3
583	100	70.3
584	97.7	80.4
585	100	90.8
586	101.4	83.1
587	101.4	65.8
588	96.7	31.2
589	95.3	31.3
590	92.5	16.9
591	94.4	23.5
592	96.7	30.9
593	100	38
594	102.8	62.4
595	101.9	64.7
596	101.9	82.7
597	100	63.7
598	95.2	57.8
599	99.5	63.7
600	101	61.1
601	100	60.4
602	99.5	66.4
603	95.7	63.2
604	93.3	68.4
605	94.2	62.1
606	97.6	61.2
607	99	62.6
608	99.5	73.5
609	101	81.8
610	100.5	78.2
611	100	92
612	96.9	91.1
613	94.3	77.3
614	94.7	77.3
615	93.9	55.5
616	90.4	22.4
617	88.6	18.5
618	84.2	9.5
619	86.8	8.9
620	88.6	17.1
621	91.7	31
622	94.7	37.1
623	95.2	50.6
624	99.1	80.6
625	100	102.5
626	101	98.8
627	99.5	94
628	102.6	94
629	101.5	50.4
630	97.4	27.9
631	91.3	14.7
632	88.7	16
633	82.6	1.7
634	100	92.3
635	99.5	110.1
636	100.9	76.4
637	100	76.4
638	100.9	66.9
639	98.1	45.8
640	91.7	27.8
641	91.2	16.5
642	87	29.1
643	90.3	46.8
644	97.7	77.6
645	98.6	89.4
646	100	109.4
647	102.8	88.7
648	100	102.4
649	99.5	110.3
650	101	103.4
651	101.5	104.9
652	101.5	77.1
653	95.9	41.3
654	85.1	7.9
655	100	105.4
656	98.3	99.9
657	98.3	100.2
658	101.7	115.8
659	98.9	116.5
660	96	72.8
661	85.3	93.4
662	81.4	92.1
663	100	89.3
664	98.6	93.3
665	98.2	63.7
666	99.1	75.7
667	98.6	56.6
668	95	44.9
669	88.5	23
670	81.7	4
671	100	79.3
672	98.6	88.6
673	100	74.2
674	96.6	47.3
675	93.2	24.1
676	92.3	2.3
677	100	14.9
678	114	50.9
679	121.6	47.1
680	115.2	45.2
681	112.3	33
682	99.4	14.4
683	93	6
684	87.1	15
685	80.7	0.8
686	100	104.1
687	96.8	89.2
688	97.7	104.3
689	98.2	102.9
690	98.6	89.2
691	95	63.1
692	85.3	33.9
693	100	80.6
694	94.9	80.6
695	100	79.8
696	100	91.4
697	101	71.1
698	98	30.1
699	88.3	16.6
700	84.8	10.8
701	80.2	3.9
